8.702334196945441747e+00 1.010011209863908022e+01
1.025936545302308787e+02 1.533972522479134248e+01
-7.399394220748800421e+01 6.581415475189868403e+01
5.681867285891288866e+00 9.554120066201654993e+01
-9.849705823227034784e+01 3.216003420247145783e+01
7.972563351396723874e+01 -4.848989695712317882e+01
1.280667100491583597e+02 -4.635044929984265139e+01
9.060249684076018184e+01 -5.225113441535913239e+01
9.986007296818280565e+01 2.401992893295441789e+01
-8.829112951741720394e+01 5.172607365964595516e+01
1.349057920744085095e+02 -3.925915533520730349e+01
1.687391666079890911e+02 -2.469485984757682573e+01
1.941959641030611294e+02 1.185249069857304072e+01
1.978635919299885586e+02 2.734804812206918356e+01
-1.662408168875727910e+01 9.912285482836091433e+01
1.846323309822908527e+02 -1.139134762854429361e+01
1.147622927294391246e+02 -4.511671772440296735e+01
9.476802084601909826e+01 4.627824573011155707e+01
7.097903629185361751e+01 -4.464655016050583924e+01
8.302401684218457945e+01 5.730466536163881841e+01
2.026031873725892751e+02 4.484590704306652498e+01
8.282687463888703405e+01 4.375759182617414922e+01
-9.271441154465946966e+01 2.858133993728528210e+01
-1.626213531940874546e+01 1.003576236252455800e+02
8.084220286402168654e+01 -4.623523339572177804e+01
4.171614926916033994e+01 9.143907522950605937e+01
1.946290375448673160e+01 9.738479883143516247e+01
9.862609997591768263e+01 1.923256444462325376e+01
7.348847501427076168e+01 6.904858134031415773e+01
-1.001393032699015890e+02 8.691060153541799949e+00
1.329024051568287916e+02 -4.621577650558812422e+01
6.008427965106437796e+01 7.339730348956244654e+01
1.139320820660020495e+01 9.558181416455619583e+00
1.743846163756178953e+02 -2.213729451769012968e+01
7.668573368327723472e+01 5.693541914949871341e+01
-9.770143651634415960e+01 2.879467988091865038e+01
9.112977607254036627e+01 4.937618818742131310e+01
1.206039769335039580e+02 -5.248706956828961268e+01
8.432841536771107371e+01 -5.273920483787550495e+01
3.131295486341451451e+01 -2.439082530670400217e+01
-9.934276127647181909e+01 1.308125222446016522e+01
-7.567075851596760572e+01 6.390902178050755822e+01
-8.622713819364331300e+01 3.740817130866766860e+01
9.219484550416147783e+01 -5.123675023906797321e+01
1.762632803087755633e+02 -1.140727288921743998e+01
8.592116780242882612e+01 4.071366311183385989e+01
1.219894360072513351e+01 1.600889995266070009e+00
-1.778490775925197909e+01 9.998758575290675310e+01
6.409526927927248607e+01 -4.246114542244301049e+01
6.211813087782399379e+01 7.985863482636230515e+01
1.246914194763211192e+00 3.089937151695978201e+01
1.868552895035060146e+02 -8.428646306509385511e+00
1.939435963973097046e+02 2.075555798265976648e+01
-9.960586985202898802e+01 1.025334443919508409e+01
2.752977031518659246e+00 2.296199428984342461e+01
-1.046325242851440862e+01 1.019820580701170627e+02
1.679386266741243219e+02 -2.309312823934476455e+01
2.661182670113569770e+01 -1.030406457759615968e+01
5.133752985841131533e+01 -3.286513003240499131e+01
1.838839421106245879e+02 2.156715043583208757e+00
1.908776222824884883e+02 8.118601679102367186e+00
3.138659902692521086e+01 -1.891098821752173009e+01
-9.987524678122392174e+01 1.136059461367567636e+01
-5.415654342657879283e+01 8.528203808234553662e+01
5.440833584028691682e-03 5.226780584537495855e+01
5.727043163518187185e+01 -3.619303710270578733e+01
2.011902374424623758e+02 4.032771299539421506e+01
-8.934799261004948789e+01 3.868916011985778169e+01
6.515235694391617471e+01 -3.743842947016572253e+01
1.935462528608842376e+02 1.209215312651999241e+01
-2.617074323144205650e+01 9.955039995257904195e+01
3.446579587545038237e+01 -2.101944280862683812e+01
-9.941853928148876207e+01 2.000055438216001846e+01
-3.397891156096508780e+01 9.082279000264668412e+01
1.957448243759051536e+02 1.877361154511445207e+01
-4.483956219217495232e+01 8.356098852786580267e+01
7.886612657500089085e+01 6.409488338991519640e+01
-3.682600083088100718e+00 4.499277458572798594e+01
-3.589705897129903178e+01 9.074702370204349222e+01
-5.553851497451780261e+01 8.152466890754357109e+01
9.892848180553369275e+01 1.111621933251003824e+01
1.529500962702346989e+01 1.003306321084562711e+02
1.025016450981498792e+02 -5.559131415422158540e+01
1.946129148852516835e+02 7.544466125315960170e+00
5.714581242353460055e+01 -4.251044956304047417e+01
-4.462284486418384155e+00 1.003982269593303585e+02
2.532504686676995131e+00 1.399424872303515777e+01
-9.656688539357595857e+01 2.573593976365410541e+00
1.593300246461518270e+02 -3.310359560592993944e+01
1.552489933381479759e+01 4.732683854523675571e+00
6.607568127286376125e+01 6.818247282919398344e+01
9.659005130920267845e+01 2.956273655455474270e+01
6.259358915743719365e+01 8.357572814234889336e+01
7.331603244316517021e+01 6.509440662910694186e+01
4.913591857851648825e+01 8.502045155923173070e+01
1.663887199022342998e+02 -1.990272515589714075e+01
9.030542547711181101e+01 5.411014971804883089e+01
-7.044046035770976744e+01 7.095886942605619652e+01
1.584124514712493976e+02 -2.705237938497751671e+01
-8.501350806461633169e+01 5.095891507048345659e+01
2.276464949860418230e+01 9.637870004395342960e+01
-7.101928115555014642e+01 6.775094015049369034e+01
9.267439687113901314e+00 7.335908733922508418e+00
1.304949493290196472e+02 -4.293535421904209670e+01
-3.075101362217169765e+01 9.091204282898907252e+01
4.371078932708054765e+01 8.512258967849361113e+01
-9.919969740294145311e+01 3.000548583517135981e+01
2.032543346561282860e+01 -1.882153976032223142e+01
-4.115818985775487704e+01 8.741985818564653243e+01
1.990604740755745894e+01 -1.481475169352042931e+00
8.102024802081101029e+01 6.281867785948085725e+01
2.004735076030846983e+02 3.327017406634120533e+01
4.335149239828707124e+01 -3.775706614221580537e+01
1.963060312210681673e+02 3.472147337832434744e+01
-3.106951584386963283e+00 2.349186535254569819e+01
9.430975833945123554e+01 1.797279977487423075e+00
9.936743834948869392e+01 5.920442857820231275e+00
-3.851071931084719324e+01 9.351691939090541439e+01
3.801995293897824979e+01 9.022723772461709757e+01
-8.476805311481155059e+01 6.170431138123172587e+01
1.229077534185646137e+00 4.556357370402579932e+01
1.677048829050361434e+01 -9.892249679469648171e+00
1.970062199066242670e+02 4.599323798243283079e+01
-6.876461544090516043e+01 8.064324466588675477e+01
-5.729998979527392322e+01 8.087194477463638975e+01
6.608685687615644611e+01 -4.772754202475002216e+01
1.186451717261701475e+02 -4.810143278359903718e+01
-8.101354032136229932e+01 5.640876522768339640e+01
5.666687372331757899e+01 8.111655270126011885e+01
2.164905183846265402e+00 1.019145872534036954e+02
4.315312081455827098e+01 -3.014958645894231637e+01
2.529594482762481000e+00 1.583822947599973752e+01
1.003404629447794463e+02 2.616732720267339474e+01
2.002205634589393526e+02 3.732480664198551068e+01
1.316267446650895749e+02 -4.817503128020140224e+01
8.096216076436948583e+01 6.206917195952096478e+01
2.543828341656551473e+01 -1.856711168843890647e+01
1.005143030932120496e+02 1.585142101827150007e+01
-9.891303798049912643e+01 5.644751069419462475e+00
7.368512073927357164e+01 7.428244055554660008e+01
9.431171190655332381e+00 7.768246745412499266e+00
7.517633663333845107e+01 -4.935935663453982869e+01
2.829500994652571766e+00 1.484746620024232122e+01
9.995198845194795956e-01 9.922629350636937318e+01
-7.242219527530097345e+00 2.412995758827941017e+01
-1.265028112181643571e+00 4.508516467037193820e+01
1.818074054088596654e+02 2.588501849893534601e+00
1.482297958920741792e+02 -4.095018513010349182e+01
-1.668098277236675031e+01 9.952862926332228710e+01
1.133342568816536442e+02 -4.679076093825201355e+01
-4.902704261089805726e+00 1.005927041853376949e+02
4.650947270460032712e+01 9.593781218231063690e+01
4.785718388396277589e+01 -3.622581574439156071e+01
4.680870846741428437e+01 9.074833616536601255e+01
-1.007576326673589335e+02 4.137699301562594023e+00
2.984190944150188329e+01 -1.445444130943075223e+01
8.291317045760830240e+01 5.928829045637037609e+01
1.585090327121709493e+02 -3.031802730655743972e+01
8.531368518984150739e+01 -4.586918671746175846e+01
-4.517290020653714322e+01 8.452123512967145302e+01
5.648455385857896971e+01 7.730960422150549505e+01
1.599223266402352408e+02 -3.816999014942037149e+01
4.193033838413209224e+01 9.042643331287024466e+01
-7.079860158999981934e+01 6.616030713774017613e+01
1.105846570882180941e+02 -5.041724757048650218e+01
4.019274038385683667e+01 -2.903238054903287235e+01
4.220267005106111213e+01 9.014832384791242248e+01
1.105562592854454707e+01 4.605742125914727758e+00
8.665856108333503016e+01 -4.942900943215929743e+01
1.047600707378835523e+02 1.473822180604847887e+01
-8.627790140170456823e+01 4.543824411824193277e+01
2.148082307330506424e+01 9.495558384358297133e+01
1.712913240898818190e-01 2.904931876062208218e+01
1.907571846504597772e+02 -3.488066045256832393e+00
1.114646187378633471e+02 -4.872183663143498933e+01
1.914016643914456779e+02 8.356007151045067971e+00
3.474287238267944389e+01 9.483195344126077941e+01
4.517936096696274717e+01 -3.441737418290077244e+01
-3.869722684132776891e+01 9.053789332210490670e+01
6.633790518344333975e+01 7.352227658783917263e+01
1.477151453843112563e+02 -3.668280809882990923e+01
9.492219707827813124e+01 1.266470186061787473e+01
6.144541255949653902e+01 -4.336209063238965911e+01
-9.299544880730084628e+01 3.085741707178771165e+01
-7.172000213877583974e+01 7.482142693409433321e+01
-5.177893030088126380e+01 7.984510151090444197e+01
1.831068701480930372e+02 -1.513356945931757558e+01
1.938971749306862478e+02 -2.601629204676464191e+00
-6.198952214025239726e+01 8.244241217950744272e+01
1.023912959087359269e+02 2.608826122754665633e+01
9.005570819054263154e+01 2.893620222240206985e+01
8.271303244806734511e+00 1.022305336584578868e+02
1.651035659420832928e+02 -3.078979437641927674e+01
2.642902044083259572e+00 3.427446808484022256e+01
9.024856223729489102e+01 3.491704797507463809e+01
5.166287359542420887e+01 -3.574158789349858978e+01
-1.967975955595515103e+01 9.658418894702690238e+01
1.759003789366481101e+02 -1.454302986731208591e+01
-2.650099475522277537e+00 3.524529278143128863e+01
1.404585220647384460e+02 -3.938357930773504734e+01
1.905577492896882745e+02 1.255983205517020806e+00
3.007669563024033543e+00 1.007657733377063494e+02
1.948943409814400596e+01 9.836851801241476778e+01
-8.857452251833541368e+01 4.178329372293540445e+01
3.258210202848550807e+01 9.035930922310167546e+01
1.945638019171409496e+02 1.851834582969997811e+01
7.364722575560502094e+01 -3.867296052412887519e+01
1.526094272206096605e+02 -3.921505428709406971e+01
1.122345517005262536e+02 -5.168489415150041566e+01
1.990716699640492493e+02 4.288528879466751675e+01
1.498847440791649888e+02 -3.550325380934526720e+01
1.779276971817024560e+02 -1.557082052828394048e+01
5.796488769950670417e+01 -4.034807693556120256e+01
1.185474250935988216e+01 1.009788076726818389e+02
3.701906715687638894e+01 9.568911331177093871e+01
-6.253789537950017774e+01 8.045370420844690784e+01
8.813739928809962976e+01 4.685620585116462422e+01
1.181172642051984667e+01 1.010230593787293003e+02
1.445634629955206947e+02 -3.942108060363687372e+01
4.212293011630238482e+01 -2.869668531887671747e+01
1.991820738564963449e+02 3.477522927279748899e+01
9.302094485950065916e+01 -4.546759034565642565e+01
1.045341025561792776e+02 -4.649611213435430557e+01
2.573563032438422660e+00 3.286438879371211641e+01
5.232052090790274690e+01 8.490027209775801964e+01
3.474747427149097945e+01 -2.512186965637677361e+01
1.911295765295758429e+02 1.680728963264660081e+01
9.992967507817795081e+01 5.696457078866135504e+00
2.650399599917131610e+01 1.015568042684900263e+02
2.083388921301355268e+01 -4.964502362057498175e+00
-2.550918659853235737e-01 3.609017680530154593e+01
2.076714935211423452e+01 -5.687769044954656295e+00
-8.739602426252432110e+01 5.151116597923277851e+01
-8.733723506852244611e+01 6.121513086883395260e+01
-9.118139928197003030e+01 1.732893768107723886e+01
-4.966437826732143179e+01 8.114954815937048238e+01
1.293761663628237386e+02 -4.402191467712995632e+01
-2.594499660752853742e+01 1.014118772587543162e+02
1.653484994893854321e+02 -2.279878188570898345e+01
1.514959148992620612e+02 -3.553796600482247214e+01
-1.047496691907701063e+02 5.778122194548942048e+00
2.022857569593070082e+02 5.063796728714904560e+01
9.003820872444775603e+01 4.572065420061789354e+01
9.990669635088318046e+01 -4.935407690106831069e+01
-2.441275047428943168e+01 1.013171623040189928e+02
-9.166271061020658806e+01 4.255324742696971185e+01
9.503173145631350849e+01 3.356266070929954992e+01
-7.260152508818089245e+01 6.918121124841573533e+01
8.148344586635485598e+01 -5.202912866893563404e+01
-8.067293246682865515e+01 5.082520317979101065e+01
1.039531176993694128e+00 3.812729148710923965e+01
2.502669391060025283e+00 3.157136977433486891e+01
2.701128187516953494e-01 2.930100725514617466e+01
-4.765213988810595325e+00 3.762621443453532066e+01
-8.938511413034035957e-01 3.785600197636836839e+01
-3.084068376564168545e-01 3.636460789926657355e+01
3.288240639977960011e+00 4.258717193061578854e+01
3.481882729526848408e-01 3.380397059813653016e+01
-4.947802843512327797e+00 2.971817354766289299e+01
7.463098044579026258e+00 3.689533168364715010e+01
5.862595075686217072e+00 3.409689479805386014e+01
-1.568432612528630754e+00 2.914594020747152570e+01
6.316851262029565817e+00 3.806973891661163378e+01
8.354543800190217251e-01 2.716131950448089682e+01
-4.425339896024112818e+00 3.021517350367731680e+01
3.853504516977287686e+00 3.665112370774599526e+01
3.986054603505648775e-01 3.298609738353520271e+01
1.106763197320076220e+00 3.830873299614409433e+01
1.446544100190536586e+00 3.241952098157950246e+01
4.123998089983803794e+00 3.872512047646479516e+01
9.098397384165177737e-01 4.022857101712970973e+01
2.409208397641057764e-01 4.485296844994114451e+01
4.571291258060082185e+00 3.800773213074709389e+01
-3.133013169344948778e+00 3.371175393517729901e+01
-9.366134988933438876e-01 3.406345217220327726e+01
5.611177243744397636e+00 2.939259574883087822e+01
5.911576178966065243e+00 3.292691912690541045e+01
1.325053725614255828e+00 3.890218050848943676e+01
6.927237034047279973e-01 3.654126951891534958e+01
2.590754152402769961e+00 4.109211942563210584e+01
-4.625931295529621678e-01 3.379558521764284507e+01
-2.177530898100730639e+00 3.544369035883946140e+01
2.328348737839995852e-01 3.042811880867750673e+01
-1.842555083839150232e+00 3.922848890487566109e+01
-3.558057718502093181e+00 3.173675886013824510e+01
-1.786059808268084526e+00 3.842559517729389285e+01
-3.356870092890554158e+00 3.376315049659514500e+01
-7.675084861196166841e+00 3.489394449820313326e+01
3.290179648412756563e+00 3.011662540011591105e+01
-5.312744195593722907e+00 3.578744494347649407e+01
-2.808212375509409497e+00 3.368935141360892516e+01
-1.058627332951824318e+00 4.588067666635847530e+01
-3.898726680909285758e+00 3.814833841496980682e+01
-8.786875513500478352e-01 3.642845028604698854e+01
1.445582422033655723e+00 4.115214626586387681e+01
-1.916696951381160030e+00 3.425736409334473365e+01
1.001971401383506155e+00 3.638579283798789987e+01
-9.815524640114819954e-01 3.198505534257004257e+01
3.254068869478679016e+00 3.007654273426418001e+01
-1.877897543739808439e+00 3.717024017434385996e+01
8.563749765208159559e-01 3.001704488515204616e+01
-1.853670771249849025e+00 3.313708098571897409e+01
5.200756751162807778e-02 4.081413630862926567e+01
-2.119040815068155226e+00 3.705306973245342306e+01
7.544743604842121698e+00 3.569831125132735394e+01
4.634382316029616256e+00 3.171727072659315638e+01
1.431149441393133381e+00 3.724313810547293713e+01
-1.047898041635897926e+01 3.828761001750089576e+01
-3.535429744804532426e+00 3.561490042378211029e+01
1.030201562891057465e+00 3.470221633693532937e+01
1.172289893194724986e+00 3.214259432789452831e+01
9.678490862641364600e-01 2.734687902136880666e+01
-3.387174872273619908e+00 2.894061110125654324e+01
-6.451428466640365400e-01 3.661620342725815647e+01
2.045382656984355910e-02 3.406165146649941278e+01
-3.677696936935213046e+00 4.119973762007015949e+01
-6.429932938244911078e+00 3.573853543412921852e+01
-5.914087961469709498e+00 3.212062316642116855e+01
2.347428375201081163e+00 4.376182250323991241e+01
2.087766262467591005e+00 3.618793869293274668e+01
-1.388470788209732465e-01 3.032528784952187095e+01
-4.283569992244449232e+00 3.692988966097274073e+01
-1.370858066107077944e+00 3.179089092311352260e+01
-3.962145300522753821e+00 3.273480908158891367e+01
3.250103289576792065e+00 4.042496011428329439e+01
-4.249214854904419525e+00 3.689436972254072344e+01
-2.406826448917587680e+00 4.240911273803575199e+01
-2.720098886313963682e+00 3.592901478864401099e+01
-2.402554759675219920e+00 3.383322500082689288e+01
-5.398889895173568376e-02 3.076915628417639681e+01
-4.051324481337695183e+00 3.625698933038109573e+01
-6.202653724264530766e+00 3.527425189922411164e+01
2.953866319981641730e+00 3.568547312475988065e+01
3.883101973921615491e-01 3.887457996213155553e+01
-1.433041564398061518e-01 4.125857462325602398e+01
-7.694438591244900927e-01 3.620618936933445298e+01
-6.899671330052131957e+00 3.275084988303611055e+01
3.164127788172188094e+00 3.136245018082104252e+01
-4.603974309689212063e+00 3.650279207338268606e+01
1.374473158273845641e+00 2.794783937854906242e+01
1.296335877579180007e+00 3.345967087833473386e+01
-5.661482968201657862e+00 3.331741870893856117e+01
-2.707688001223835350e+00 3.744670515536347466e+01
-3.233974411572750896e+00 3.299297182566185427e+01
1.892950498294179384e+00 3.470868434937251124e+01
3.670431061420092456e-01 2.704972434159643058e+01
1.184481108258304216e+00 3.604422108871955999e+01
3.661608470808296989e+00 3.631500443863873784e+01
-3.632096302084844019e+00 2.935078519465883318e+01
-2.880404863213353872e-01 3.901413159156809485e+01
1.960395311769937052e+02 3.812729148710923965e+01
1.975026693910600102e+02 3.157136977433486891e+01
1.952701128187516986e+02 2.930100725514617466e+01
1.902347860111894136e+02 3.762621443453532066e+01
1.941061488586965993e+02 3.785600197636836839e+01
1.946915931623435654e+02 3.636460789926657355e+01
1.982882406399779711e+02 4.258717193061578854e+01
1.953481882729526831e+02 3.380397059813653016e+01
1.900521971564876651e+02 2.971817354766289299e+01
2.024630980445790271e+02 3.689533168364715010e+01
2.008625950756862153e+02 3.409689479805386014e+01
1.934315673874713752e+02 2.914594020747152570e+01
2.013168512620295587e+02 3.806973891661163378e+01
1.958354543800190299e+02 2.716131950448089682e+01
1.905746601039758730e+02 3.021517350367731680e+01
1.988535045169772957e+02 3.665112370774599526e+01
1.953986054603505522e+02 3.298609738353520271e+01
1.961067631973200776e+02 3.830873299614409433e+01
1.964465441001905219e+02 3.241952098157950246e+01
1.991239980899837860e+02 3.872512047646479516e+01
1.959098397384165082e+02 4.022857101712970973e+01
1.952409208397641009e+02 4.485296844994114451e+01
1.995712912580600857e+02 3.800773213074709389e+01
1.918669868306550370e+02 3.371175393517729901e+01
1.940633865011066632e+02 3.406345217220327726e+01
2.006111772437444074e+02 2.939259574883087822e+01
2.009115761789660723e+02 3.292691912690541045e+01
1.963250537256142536e+02 3.890218050848943676e+01
1.956927237034047380e+02 3.654126951891534958e+01
1.975907541524027806e+02 4.109211942563210584e+01
1.945374068704470290e+02 3.379558521764284507e+01
1.928224691018992871e+02 3.544369035883946140e+01
1.952328348737839860e+02 3.042811880867750673e+01
1.931574449161608413e+02 3.922848890487566109e+01
1.914419422814979157e+02 3.173675886013824510e+01
1.932139401917319219e+02 3.842559517729389285e+01
1.916431299071094543e+02 3.376315049659514500e+01
1.873249151388038172e+02 3.489394449820313326e+01
1.982901796484127601e+02 3.011662540011591105e+01
1.896872558044062771e+02 3.578744494347649407e+01
1.921917876244905869e+02 3.368935141360892516e+01
1.939413726670481708e+02 4.588067666635847530e+01
1.911012733190907227e+02 3.814833841496980682e+01
1.941213124486499453e+02 3.642845028604698854e+01
1.964455824220336524e+02 4.115214626586387681e+01
1.930833030486188306e+02 3.425736409334473365e+01
1.960019714013835141e+02 3.638579283798789987e+01
1.940184475359885141e+02 3.198505534257004257e+01
1.982540688694786866e+02 3.007654273426418001e+01
1.931221024562601940e+02 3.717024017434385996e+01
1.958563749765208115e+02 3.001704488515204616e+01
1.931463292287501474e+02 3.313708098571897409e+01
1.950520075675116232e+02 4.081413630862926567e+01
1.928809591849318394e+02 3.705306973245342306e+01
2.025447436048421253e+02 3.569831125132735394e+01
1.996343823160296154e+02 3.171727072659315638e+01
1.964311494413931314e+02 3.724313810547293713e+01
1.845210195836410207e+02 3.828761001750089576e+01
1.914645702551954685e+02 3.561490042378211029e+01
1.960302015628910510e+02 3.470221633693532937e+01
1.961722898931947157e+02 3.214259432789452831e+01
1.959678490862641524e+02 2.734687902136880666e+01
1.916128251277263814e+02 2.894061110125654324e+01
1.943548571533359564e+02 3.661620342725815647e+01
1.950204538265698488e+02 3.406165146649941278e+01
1.913223030630647941e+02 4.119973762007015949e+01
1.885700670617550827e+02 3.573853543412921852e+01
1.890859120385302958e+02 3.212062316642116855e+01
1.973474283752010763e+02 4.376182250323991241e+01
1.970877662624675963e+02 3.618793869293274668e+01
1.948611529211790412e+02 3.032528784952187095e+01
1.907164300077555481e+02 3.692988966097274073e+01
1.936291419338929245e+02 3.179089092311352260e+01
1.910378546994772364e+02 3.273480908158891367e+01
1.982501032895767992e+02 4.042496011428329439e+01
1.907507851450955911e+02 3.689436972254072344e+01
1.925931735510824296e+02 4.240911273803575199e+01
1.922799011136860372e+02 3.592901478864401099e+01
1.925974452403247881e+02 3.383322500082689288e+01
1.949460111010482706e+02 3.076915628417639681e+01
1.909486755186622986e+02 3.625698933038109573e+01
1.887973462757354639e+02 3.527425189922411164e+01
1.979538663199816426e+02 3.568547312475988065e+01
1.953883101973921725e+02 3.887457996213155553e+01
1.948566958435602032e+02 4.125857462325602398e+01
1.942305561408755068e+02 3.620618936933445298e+01
1.881003286699478565e+02 3.275084988303611055e+01
1.981641277881721805e+02 3.136245018082104252e+01
1.903960256903107791e+02 3.650279207338268606e+01
1.963744731582738439e+02 2.794783937854906242e+01
1.962963358775791676e+02 3.345967087833473386e+01
1.893385170317983466e+02 3.331741870893856117e+01
1.922923119987761709e+02 3.744670515536347466e+01
1.917660255884272544e+02 3.299297182566185427e+01
1.968929504982941694e+02 3.470868434937251124e+01
1.953670431061420061e+02 2.704972434159643058e+01
1.961844811082582964e+02 3.604422108871955999e+01
1.986616084708082894e+02 3.631500443863873784e+01
1.913679036979151533e+02 2.935078519465883318e+01
1.947119595136786643e+02 3.901413159156809485e+01
5.197655884968470641e-01 1.015636457435546163e+02
1.251334695530012642e+00 9.828568488716743445e+01
1.350564093758476747e-01 9.715050362757308733e+01
-2.382606994405297662e+00 1.013131072172676568e+02
-4.469255706517017979e-01 1.014280009881841806e+02
-1.542034188282084273e-01 1.006823039496332939e+02
1.644120319988980006e+00 1.037935859653078978e+02
1.740941364763424204e-01 9.940198529906827218e+01
-2.473901421756163899e+00 9.735908677383145005e+01
3.731549022289513129e+00 1.009476658418235786e+02
2.931297537843108536e+00 9.954844739902692652e+01
-7.842163062643153770e-01 9.707297010373576995e+01
3.158425631014782908e+00 1.015348694583058204e+02
4.177271900095108625e-01 9.608065975224045019e+01
-2.212669948012056409e+00 9.760758675183865307e+01
1.926752258488643843e+00 1.008255618538729976e+02
1.993027301752824387e-01 9.899304869176759780e+01
5.533815986600381098e-01 1.016543664980720507e+02
7.232720500952682929e-01 9.870976049078974768e+01
2.061999044991901897e+00 1.018625602382323905e+02
4.549198692082588869e-01 1.026142855085648620e+02
1.204604198820528882e-01 1.049264842249705794e+02
2.285645629030041093e+00 1.015038660653735434e+02
-1.566506584672474389e+00 9.935587696758864240e+01
-4.683067494466719438e-01 9.953172608610164218e+01
2.805588621872198818e+00 9.719629787441543556e+01
2.955788089483032621e+00 9.896345956345270167e+01
6.625268628071279142e-01 1.019510902542447184e+02
3.463618517023639987e-01 1.007706347594576783e+02
1.295377076201384980e+00 1.030460597128160458e+02
-2.312965647764810839e-01 9.939779260882141898e+01
-1.088765449050365319e+00 1.002218451794197307e+02
1.164174368919997926e-01 9.771405940433875514e+01
-9.212775419195751159e-01 1.021142444524378305e+02
-1.779028859251046590e+00 9.836837943006912610e+01
-8.930299041340422628e-01 1.017127975886469500e+02
-1.678435046445277079e+00 9.938157524829756539e+01
-3.837542430598083421e+00 9.994697224910156308e+01
1.645089824206378282e+00 9.755831270005795375e+01
-2.656372097796861453e+00 1.003937224717382435e+02
-1.404106187754704749e+00 9.934467570680446613e+01
-5.293136664759121590e-01 1.054403383331792412e+02
-1.949363340454642879e+00 1.015741692074848999e+02
-4.393437756750239176e-01 1.007142251430234978e+02
7.227912110168278614e-01 1.030760731329319384e+02
-9.583484756905800150e-01 9.962868204667236682e+01
5.009857006917530775e-01 1.006928964189939535e+02
-4.907762320057409977e-01 9.849252767128501773e+01
1.627034434739339508e+00 9.753827136713208290e+01
-9.389487718699042196e-01 1.010851200871719300e+02
4.281874882604079779e-01 9.750852244257602308e+01
-9.268353856249245126e-01 9.906854049285948349e+01
2.600378375581403889e-02 1.029070681543146293e+02
-1.059520407534077613e+00 1.010265348662267115e+02
3.772371802421060849e+00 1.003491556256636841e+02
2.317191158014808128e+00 9.835863536329658530e+01
7.155747206965666907e-01 1.011215690527364757e+02
-5.239490208179489628e+00 1.016438050087504479e+02
-1.767714872402266213e+00 1.003074502118910516e+02
5.151007814455287326e-01 9.985110816846766113e+01
5.861449465973624928e-01 9.857129716394726415e+01
4.839245431320682300e-01 9.617343951068440333e+01
-1.693587436136809954e+00 9.697030555062826807e+01
-3.225714233320182700e-01 1.008081017136290711e+02
1.022691328492177955e-02 9.953082573324969928e+01
-1.838848468467606523e+00 1.030998688100350762e+02
-3.214966469122455539e+00 1.003692677170646022e+02
-2.957043980734854749e+00 9.856031158321057717e+01
1.173714187600540582e+00 1.043809112516199633e+02
1.043883131233795503e+00 1.005939693464663662e+02
-6.942353941048662325e-02 9.766264392476094258e+01
-2.141784996122224616e+00 1.009649448304863739e+02
-6.854290330535389719e-01 9.839544546155676130e+01
-1.981072650261376911e+00 9.886740454079445328e+01
1.625051644788396032e+00 1.027124800571416472e+02
-2.124607427452209762e+00 1.009471848612703582e+02
-1.203413224458793840e+00 1.037045563690178795e+02
-1.360049443156981841e+00 1.004645073943220126e+02
-1.201277379837609960e+00 9.941661250041344999e+01
-2.699444947586784188e-02 9.788457814208820196e+01
-2.025662240668847591e+00 1.006284946651905443e+02
-3.101326862132265383e+00 1.001371259496120558e+02
1.476933159990820865e+00 1.003427365623799403e+02
1.941550986960807745e-01 1.019372899810657742e+02
-7.165207821990307591e-02 1.031292873116280191e+02
-3.847219295622450463e-01 1.006030946846672265e+02
-3.449835665026065978e+00 9.887542494151804817e+01
1.582063894086094047e+00 9.818122509041052126e+01
-2.301987154844606032e+00 1.007513960366913466e+02
6.872365791369228205e-01 9.647391968927453831e+01
6.481679387895900035e-01 9.922983543916737403e+01
-2.830741484100828931e+00 9.915870935446928058e+01
-1.353844000611917675e+00 1.012233525776817373e+02
-1.616987205786375448e+00 9.899648591283092003e+01
9.464752491470896922e-01 9.985434217468625206e+01
1.835215530710046228e-01 9.602486217079821529e+01
5.922405541291521081e-01 1.005221105443597764e+02
1.830804235404148494e+00 1.006575022193193689e+02
-1.816048151042422010e+00 9.717539259732942014e+01
-1.440202431606676936e-01 1.020070657957840439e+02
